token	corpus size	all contexts size	frequency	co-frequency	specificity
の	41754	4831	1729	312	15.69
を	41754	4831	1029	199	13.08
は	41754	4831	887	169	10.73
、	41754	4831	1747	291	10.59
体	41754	4831	24	16	9.56
折れ	41754	4831	9	9	8.43
と	41754	4831	660	125	8.06
「	41754	4831	457	90	6.83
安定	41754	4831	7	7	6.56
が	41754	4831	959	161	6.54
読める	41754	4831	12	9	6.25
」	41754	4831	459	86	5.69
なにか	41754	4831	6	6	5.62
僕	41754	4831	35	14	4.87
に	41754	4831	1132	174	4.76
何	41754	4831	137	33	4.73
好奇	41754	4831	5	5	4.68
軽く	41754	4831	5	5	4.68
呼ん	41754	4831	5	5	4.68
で	41754	4831	579	98	4.54
について	41754	4831	48	16	4.35
扱う	41754	4831	8	6	4.28
こと	41754	4831	467	81	4.27
理解	41754	4831	59	18	4.24
どの	41754	4831	12	7	3.93
弱い	41754	4831	12	7	3.93
ひとつ	41754	4831	4	4	3.75
整える	41754	4831	4	4	3.75
保つ	41754	4831	4	4	3.75
折れる	41754	4831	4	4	3.75
飲み込ま	41754	4831	4	4	3.75
優しく	41754	4831	4	4	3.75
か	41754	4831	221	43	3.67
いく	41754	4831	46	14	3.45
様々	41754	4831	18	8	3.39
諸	41754	4831	5	4	3.10
根本	41754	4831	5	4	3.10
自覚	41754	4831	8	5	3.10
よう	41754	4831	168	33	3.09
なり	41754	4831	73	18	3.06
トリ	41754	4831	3	3	2.81
セツ	41754	4831	3	3	2.81
考察	41754	4831	3	3	2.81
全体	41754	4831	3	3	2.81
明確	41754	4831	3	3	2.81
耐性	41754	4831	3	3	2.81
一時	41754	4831	3	3	2.81
たち	41754	4831	65	16	2.79
自分	41754	4831	162	31	2.79
ない	41754	4831	225	40	2.78
な	41754	4831	394	63	2.76
特集	41754	4831	6	4	2.68
わから	41754	4831	6	4	2.68
出会い	41754	4831	6	4	2.68
も	41754	4831	333	54	2.61
状態	41754	4831	23	8	2.60
痛み	41754	4831	10	5	2.55
て	41754	4831	784	111	2.45
という	41754	4831	218	37	2.35
一種	41754	4831	4	3	2.26
操れる	41754	4831	4	3	2.26
治療	41754	4831	4	3	2.26
奥	41754	4831	4	3	2.26
働く	41754	4831	4	3	2.26
傷	41754	4831	4	3	2.26
そして	41754	4831	16	6	2.25
領域	41754	4831	16	6	2.25
機	41754	4831	16	6	2.25
語る	41754	4831	8	4	2.12
エネルギー	41754	4831	8	4	2.12
覚え	41754	4831	8	4	2.12
声	41754	4831	8	4	2.12
制	41754	4831	17	6	2.12
において	41754	4831	13	5	2.00
いる	41754	4831	197	32	1.94
する	41754	4831	266	41	1.94
知見	41754	4831	5	3	1.92
起こる	41754	4831	5	3	1.92
イメージ	41754	4831	9	4	1.91
襲わ	41754	4831	9	4	1.91
生き方	41754	4831	9	4	1.91
緊張	41754	4831	19	6	1.88
とらえる	41754	4831	2	2	1.87
をめぐって	41754	4831	2	2	1.87
古く	41754	4831	2	2	1.87
適用	41754	4831	2	2	1.87
読み解く	41754	4831	2	2	1.87
分から	41754	4831	2	2	1.87
モヤ	41754	4831	2	2	1.87
均衡	41754	4831	2	2	1.87
―	41754	4831	2	2	1.87
飛	41754	4831	2	2	1.87
竹	41754	4831	2	2	1.87
仕組み	41754	4831	2	2	1.87
基地	41754	4831	2	2	1.87
付き合い	41754	4831	2	2	1.87
益田	41754	4831	2	2	1.87
落ち着か	41754	4831	2	2	1.87
崩れ	41754	4831	2	2	1.87
引き金	41754	4831	2	2	1.87
刻み込ん	41754	4831	2	2	1.87
がち	41754	4831	2	2	1.87
直結	41754	4831	2	2	1.87
腹式呼吸	41754	4831	2	2	1.87
試す	41754	4831	2	2	1.87
聞か	41754	4831	2	2	1.87
デトックス	41754	4831	2	2	1.87
我慢	41754	4831	2	2	1.87
SOS	41754	4831	2	2	1.87
育てる	41754	4831	2	2	1.87
寄り添える	41754	4831	2	2	1.87
労う	41754	4831	2	2	1.87
ほぐれ	41754	4831	2	2	1.87
高め	41754	4831	2	2	1.87
学者	41754	4831	14	5	1.86
い	41754	4831	126	22	1.85
時	41754	4831	25	7	1.84
学	41754	4831	128	22	1.79
概念	41754	4831	10	4	1.75
学問	41754	4831	10	4	1.75
における	41754	4831	10	4	1.75
発揮	41754	4831	10	4	1.75
働き	41754	4831	10	4	1.75
られる	41754	4831	21	6	1.69
過剰	41754	4831	6	3	1.67
素直	41754	4831	6	3	1.67
人	41754	4831	143	23	1.60
別	41754	4831	11	4	1.60
多く	41754	4831	11	4	1.60
自我	41754	4831	29	7	1.54
バランス	41754	4831	23	6	1.52
場所	41754	4831	7	3	1.48
修行	41754	4831	12	4	1.48
安心	41754	4831	12	4	1.48
意義	41754	4831	3	2	1.45
いただき	41754	4831	3	2	1.45
たとえ	41754	4831	3	2	1.45
議論	41754	4831	3	2	1.45
間	41754	4831	3	2	1.45
確度	41754	4831	3	2	1.45
トビ	41754	4831	3	2	1.45
タケ	41754	4831	3	2	1.45
示す	41754	4831	3	2	1.45
すべて	41754	4831	3	2	1.45
意見	41754	4831	3	2	1.45
傷つい	41754	4831	3	2	1.45
くじか	41754	4831	3	2	1.45
奥深く	41754	4831	3	2	1.45
訓練	41754	4831	3	2	1.45
おく	41754	4831	3	2	1.45
あ	41754	4831	3	2	1.45
替え	41754	4831	3	2	1.45
もつ	41754	4831	3	2	1.45
ざわつい	41754	4831	3	2	1.45
受け止める	41754	4831	3	2	1.45
やってき	41754	4831	3	2	1.45
土台	41754	4831	3	2	1.45
寄り添う	41754	4831	3	2	1.45
柔軟	41754	4831	3	2	1.45
疲弊	41754	4831	3	2	1.45
し	41754	4831	440	57	1.42
でき	41754	4831	59	11	1.42
”	41754	4831	38	8	1.41
ユング	41754	4831	25	6	1.39
仏教	41754	4831	19	5	1.37
なく	41754	4831	69	12	1.34
立場	41754	4831	8	3	1.33
読ん	41754	4831	8	3	1.33
読む	41754	4831	8	3	1.33
抱え	41754	4831	8	3	1.33
持ち	41754	4831	8	3	1.33
大切	41754	4831	26	6	1.33
なる	41754	4831	93	15	1.32
心理	41754	4831	185	26	1.30
れ	41754	4831	110	17	1.30
先生	41754	4831	20	5	1.29
防衛	41754	4831	20	5	1.29
つまり	41754	4831	14	4	1.28
部分	41754	4831	14	4	1.28
答え	41754	4831	21	5	1.23
原因	41754	4831	35	7	1.22
ます	41754	4831	428	49	1.22
すぐ	41754	4831	9	3	1.21
持た	41754	4831	4	2	1.20
像	41754	4831	4	2	1.20
流れ	41754	4831	4	2	1.20
軸	41754	4831	4	2	1.20
入っ	41754	4831	4	2	1.20
移し	41754	4831	4	2	1.20
引き起こす	41754	4831	4	2	1.20
選び	41754	4831	4	2	1.20
続い	41754	4831	4	2	1.20
つらい	41754	4831	4	2	1.20
負担	41754	4831	4	2	1.20
不調	41754	4831	4	2	1.20
落ち着い	41754	4831	4	2	1.20
認める	41754	4831	4	2	1.20
余裕	41754	4831	4	2	1.20
もたらす	41754	4831	4	2	1.20
続き	41754	4831	4	2	1.20
たり	41754	4831	92	14	1.18
や	41754	4831	199	26	1.17
不安	41754	4831	193	25	1.14
じゃ	41754	4831	10	3	1.10
他	41754	4831	10	3	1.10
発達	41754	4831	10	3	1.10
常に	41754	4831	10	3	1.10
ほど	41754	4831	10	3	1.10
まし	41754	4831	63	10	1.09
から	41754	4831	183	23	1.09
もの	41754	4831	108	15	1.07
そこ	41754	4831	17	4	1.06
私	41754	4831	109	15	1.06
中	41754	4831	74	11	1.05
（	41754	4831	92	13	1.05
的	41754	4831	174	21	1.04
，	41754	4831	93	13	1.03
｜	41754	4831	5	2	1.03
取る	41754	4831	5	2	1.03
コントロール	41754	4831	5	2	1.03
冷静	41754	4831	5	2	1.03
回復	41754	4831	5	2	1.03
呼び	41754	4831	5	2	1.03
複雑	41754	4831	5	2	1.03
何かと	41754	4831	5	2	1.03
難しい	41754	4831	5	2	1.03
出し	41754	4831	5	2	1.03
出来事	41754	4831	5	2	1.03
自律	41754	4831	5	2	1.03
生き	41754	4831	25	5	1.03
精神	41754	4831	41	7	1.02
臨床	41754	4831	11	3	1.02
ある	41754	4831	153	18	1.00
）	41754	4831	87	12	1.00
考え	41754	4831	42	7	0.99
まで	41754	4831	42	7	0.99
ので	41754	4831	26	5	0.99
感	41754	4831	88	12	0.99
無意識	41754	4831	19	4	0.96
今	41754	4831	35	6	0.96
しかし	41754	4831	12	3	0.95
大きな	41754	4831	12	3	0.95
さまざま	41754	4831	12	3	0.95
だ	41754	4831	104	13	0.95
▶「	41754	4831	1	1	0.94
解け	41754	4831	1	1	0.94
いちばん	41754	4831	1	1	0.94
オーソドクス	41754	4831	1	1	0.94
内的	41754	4831	1	1	0.94
もしくは	41754	4831	1	1	0.94
無人島	41754	4831	1	1	0.94
冒険	41754	4831	1	1	0.94
コンプレクス	41754	4831	1	1	0.94
リビドー	41754	4831	1	1	0.94
Psyche	41754	4831	1	1	0.94
著作	41754	4831	1	1	0.94
書籍	41754	4831	1	1	0.94
意	41754	4831	1	1	0.94
パフォーマンス	41754	4831	1	1	0.94
テュービンゲン	41754	4831	1	1	0.94
村山	41754	4831	1	1	0.94
航	41754	4831	1	1	0.94
作成	41754	4831	1	1	0.94
講師	41754	4831	1	1	0.94
演出	41754	4831	1	1	0.94
目線	41754	4831	1	1	0.94
表情	41754	4831	1	1	0.94
操る	41754	4831	1	1	0.94
ひと言	41754	4831	1	1	0.94
関わり	41754	4831	1	1	0.94
ピッタリ	41754	4831	1	1	0.94
言い当てる	41754	4831	1	1	0.94
なあ	41754	4831	1	1	0.94
いたん	41754	4831	1	1	0.94
ヒト	41754	4831	1	1	0.94
カラ	41754	4831	1	1	0.94
毎日	41754	4831	1	1	0.94
喜ぶ	41754	4831	1	1	0.94
かわいく	41754	4831	1	1	0.94
均等	41754	4831	1	1	0.94
ザワザワ	41754	4831	1	1	0.94
遠ざけ	41754	4831	1	1	0.94
ざわつき	41754	4831	1	1	0.94
着目	41754	4831	1	1	0.94
ちなみに	41754	4831	1	1	0.94
付き合っ	41754	4831	1	1	0.94
健やか	41754	4831	1	1	0.94
資料	41754	4831	1	1	0.94
重ね	41754	4831	1	1	0.94
Web	41754	4831	1	1	0.94
手がかり	41754	4831	1	1	0.94
ジークムント・フロイト	41754	4831	1	1	0.94
異なる	41754	4831	1	1	0.94
深め	41754	4831	1	1	0.94
本編	41754	4831	1	1	0.94
表層	41754	4831	1	1	0.94
エリア	41754	4831	1	1	0.94
［	41754	4831	1	1	0.94
］	41754	4831	1	1	0.94
初期	41754	4831	1	1	0.94
範囲	41754	4831	1	1	0.94
はたらき	41754	4831	1	1	0.94
慰め	41754	4831	1	1	0.94
レジリエンス	41754	4831	1	1	0.94
つく	41754	4831	1	1	0.94
繋がっ	41754	4831	1	1	0.94
決めつけ	41754	4831	1	1	0.94
植え付ける	41754	4831	1	1	0.94
じわじわ	41754	4831	1	1	0.94
掘り起こさ	41754	4831	1	1	0.94
成功	41754	4831	1	1	0.94
させ	41754	4831	1	1	0.94
パートナーシップ	41754	4831	1	1	0.94
失恋	41754	4831	1	1	0.94
転機	41754	4831	1	1	0.94
育た	41754	4831	1	1	0.94
よっぽど	41754	4831	1	1	0.94
混在	41754	4831	1	1	0.94
ダイナミクス	41754	4831	1	1	0.94
力動	41754	4831	1	1	0.94
もたらし	41754	4831	1	1	0.94
留め	41754	4831	1	1	0.94
ぶつかり	41754	4831	1	1	0.94
平安	41754	4831	1	1	0.94
保と	41754	4831	1	1	0.94
守っ	41754	4831	1	1	0.94
含む	41754	4831	1	1	0.94
無	41754	4831	1	1	0.94
守ら	41754	4831	1	1	0.94
譲れ	41754	4831	1	1	0.94
守り	41754	4831	1	1	0.94
補強	41754	4831	1	1	0.94
補い	41754	4831	1	1	0.94
最前線	41754	4831	1	1	0.94
張っ	41754	4831	1	1	0.94
システム	41754	4831	1	1	0.94
本来	41754	4831	1	1	0.94
生体	41754	4831	1	1	0.94
徐々に	41754	4831	1	1	0.94
雪解け	41754	4831	1	1	0.94
固着	41754	4831	1	1	0.94
心地よい	41754	4831	1	1	0.94
リズム	41754	4831	1	1	0.94
あわせ	41754	4831	1	1	0.94
温かく	41754	4831	1	1	0.94
寄り添っ	41754	4831	1	1	0.94
やっぱり	41754	4831	1	1	0.94
余り	41754	4831	1	1	0.94
方々	41754	4831	1	1	0.94
聴き	41754	4831	1	1	0.94
滑稽	41754	4831	1	1	0.94
噺	41754	4831	1	1	0.94
機微	41754	4831	1	1	0.94
はなし	41754	4831	1	1	0.94
付き合う	41754	4831	1	1	0.94
回数	41754	4831	1	1	0.94
多けれ	41754	4831	1	1	0.94
なんと	41754	4831	1	1	0.94
慣れ	41754	4831	1	1	0.94
もうすぐ	41754	4831	1	1	0.94
ルーティン	41754	4831	1	1	0.94
まさか	41754	4831	1	1	0.94
のちのち	41754	4831	1	1	0.94
足掻い	41754	4831	1	1	0.94
もん	41754	4831	1	1	0.94
ゆえに	41754	4831	1	1	0.94
いきなり	41754	4831	1	1	0.94
弱く	41754	4831	1	1	0.94
ベテラン	41754	4831	1	1	0.94
弱	41754	4831	1	1	0.94
ゆらぎ	41754	4831	1	1	0.94
怯える	41754	4831	1	1	0.94
題し	41754	4831	1	1	0.94
事物	41754	4831	1	1	0.94
宿る	41754	4831	1	1	0.94
果たして	41754	4831	1	1	0.94
触れる	41754	4831	1	1	0.94
置い	41754	4831	1	1	0.94
いえる	41754	4831	1	1	0.94
みなす	41754	4831	1	1	0.94
抵抗	41754	4831	1	1	0.94
袋	41754	4831	1	1	0.94
絶え間	41754	4831	1	1	0.94
本日	41754	4831	1	1	0.94
デザイン	41754	4831	1	1	0.94
エッセンス	41754	4831	1	1	0.94
吸収	41754	4831	1	1	0.94
繰り広げ	41754	4831	1	1	0.94
捉えよ	41754	4831	1	1	0.94
狭い	41754	4831	1	1	0.94
強	41754	4831	1	1	0.94
メンタルタフネス	41754	4831	1	1	0.94
title	41754	4831	1	1	0.94
振り回し	41754	4831	1	1	0.94
現状	41754	4831	1	1	0.94
苦しみ	41754	4831	1	1	0.94
枯渇	41754	4831	1	1	0.94
憂	41754	4831	1	1	0.94
安寧	41754	4831	1	1	0.94
それでは	41754	4831	1	1	0.94
何者	41754	4831	1	1	0.94
束縛	41754	4831	1	1	0.94
和やか	41754	4831	1	1	0.94
拘る	41754	4831	1	1	0.94
直感	41754	4831	1	1	0.94
蓮	41754	4831	1	1	0.94
花	41754	4831	1	1	0.94
感謝	41754	4831	1	1	0.94
歩ん	41754	4831	1	1	0.94
方	41754	4831	74	10	0.93
その	41754	4831	85	11	0.93
ながら	41754	4831	28	5	0.92
目	41754	4831	28	5	0.92
くれる	41754	4831	20	4	0.92
ため	41754	4831	65	9	0.92
探索	41754	4831	6	2	0.91
論	41754	4831	6	2	0.91
もっと	41754	4831	6	2	0.91
代表	41754	4831	6	2	0.91
取り戻し	41754	4831	6	2	0.91
神経	41754	4831	6	2	0.91
場	41754	4831	6	2	0.91
ポジティブ	41754	4831	6	2	0.91
自己	41754	4831	47	7	0.89
まま	41754	4831	13	3	0.89
説明	41754	4831	13	3	0.89
そういう	41754	4831	13	3	0.89
として	41754	4831	58	8	0.88
身体	41754	4831	21	4	0.88
など	41754	4831	83	9	0.86
ば	41754	4831	75	9	0.86
欲求	41754	4831	75	8	0.84
方法	41754	4831	22	4	0.84
そう	41754	4831	22	4	0.84
あっ	41754	4831	22	4	0.84
理由	41754	4831	22	4	0.84
やすく	41754	4831	22	4	0.84
関連	41754	4831	14	3	0.84
学ぶ	41754	4831	14	3	0.84
分析	41754	4831	14	3	0.84
基本	41754	4831	14	3	0.84
受け	41754	4831	14	3	0.84
って	41754	4831	32	5	0.82
今日	41754	4831	7	2	0.82
そんな	41754	4831	7	2	0.82
変わり	41754	4831	7	2	0.82
成長	41754	4831	7	2	0.82
向き合う	41754	4831	7	2	0.82
深層	41754	4831	7	2	0.82
今回	41754	4831	7	2	0.82
こう	41754	4831	7	2	0.82
背景	41754	4831	7	2	0.82
不安定	41754	4831	7	2	0.82
過去	41754	4831	23	4	0.81
いう	41754	4831	23	4	0.81
だけ	41754	4831	43	6	0.81
できる	41754	4831	63	7	0.80
自身	41754	4831	33	5	0.80
また	41754	4831	33	5	0.80
これら	41754	4831	15	3	0.79
外界	41754	4831	15	3	0.79
一つ	41754	4831	15	3	0.79
医学	41754	4831	15	3	0.79
記憶	41754	4831	34	5	0.79
かも	41754	4831	50	6	0.77
症状	41754	4831	16	3	0.76
それぞれ	41754	4831	8	2	0.75
中心	41754	4831	8	2	0.75
捉え	41754	4831	8	2	0.75
客観	41754	4831	8	2	0.75
形	41754	4831	8	2	0.75
サイン	41754	4831	8	2	0.75
知る	41754	4831	8	2	0.75
肯定	41754	4831	8	2	0.75
しれ	41754	4831	47	5	0.74
せ	41754	4831	39	5	0.74
思い	41754	4831	46	5	0.74
学習	41754	4831	42	5	0.73
これ	41754	4831	42	4	0.73
上	41754	4831	17	3	0.73
によって	41754	4831	28	4	0.72
ず	41754	4831	40	4	0.71
強い	41754	4831	29	4	0.71
場合	41754	4831	39	4	0.70
しよ	41754	4831	18	3	0.70
話	41754	4831	18	3	0.70
対処	41754	4831	18	3	0.70
力	41754	4831	30	4	0.70
高い	41754	4831	9	2	0.69
整理	41754	4831	9	2	0.69
長期	41754	4831	9	2	0.69
身	41754	4831	9	2	0.69
うまく	41754	4831	9	2	0.69
しか	41754	4831	9	2	0.69
医	41754	4831	9	2	0.69
大きく	41754	4831	9	2	0.69
解消	41754	4831	9	2	0.69
いっ	41754	4831	9	2	0.69
たら	41754	4831	31	4	0.69
くれれ	41754	4831	2	1	0.69
未知	41754	4831	2	1	0.69
）;	41754	4831	2	1	0.69
読め	41754	4831	2	1	0.69
操れ	41754	4831	2	1	0.69
習得	41754	4831	2	1	0.69
披露	41754	4831	2	1	0.69
見せる	41754	4831	2	1	0.69
当てる	41754	4831	2	1	0.69
小学校	41754	4831	2	1	0.69
取れ	41754	4831	2	1	0.69
中道	41754	4831	2	1	0.69
難しく	41754	4831	2	1	0.69
見つける	41754	4831	2	1	0.69
意外	41754	4831	2	1	0.69
知覚	41754	4831	2	1	0.69
少ない	41754	4831	2	1	0.69
簡潔	41754	4831	2	1	0.69
受け取っ	41754	4831	2	1	0.69
働い	41754	4831	2	1	0.69
加え	41754	4831	2	1	0.69
獲得	41754	4831	2	1	0.69
向き	41754	4831	2	1	0.69
定着	41754	4831	2	1	0.69
つける	41754	4831	2	1	0.69
先天的	41754	4831	2	1	0.69
性質	41754	4831	2	1	0.69
本能	41754	4831	2	1	0.69
妨げ	41754	4831	2	1	0.69
続ける	41754	4831	2	1	0.69
生じる	41754	4831	2	1	0.69
追いやら	41754	4831	2	1	0.69
一人ひとり	41754	4831	2	1	0.69
果たす	41754	4831	2	1	0.69
できれ	41754	4831	2	1	0.69
内面	41754	4831	2	1	0.69
作る	41754	4831	2	1	0.69
怯え	41754	4831	2	1	0.69
支配	41754	4831	2	1	0.69
営み	41754	4831	2	1	0.69
とも	41754	4831	2	1	0.69
1000	41754	4831	2	1	0.69
落語	41754	4831	2	1	0.69
笑える	41754	4831	2	1	0.69
人物	41754	4831	2	1	0.69
豆腐	41754	4831	2	1	0.69
民	41754	4831	2	1	0.69
というのも	41754	4831	2	1	0.69
役立っ	41754	4831	2	1	0.69
回避	41754	4831	2	1	0.69
ずっと	41754	4831	2	1	0.69
述べ	41754	4831	2	1	0.69
穴	41754	4831	2	1	0.69
開い	41754	4831	2	1	0.69
頃	41754	4831	2	1	0.69
不思議	41754	4831	2	1	0.69
豊か	41754	4831	2	1	0.69
平凡	41754	4831	2	1	0.69
治癒	41754	4831	2	1	0.69
発見	41754	4831	2	1	0.69
戻っ	41754	4831	2	1	0.69
作り出し	41754	4831	2	1	0.69
執着	41754	4831	2	1	0.69
呑気	41754	4831	2	1	0.69
あまりに	41754	4831	2	1	0.69
綺麗	41754	4831	2	1	0.69
世界	41754	4831	37	4	0.69
必要	41754	4831	33	4	0.68
なか	41754	4831	19	3	0.68
視点	41754	4831	19	3	0.68
くる	41754	4831	19	3	0.68
言う	41754	4831	20	3	0.66
持っ	41754	4831	20	3	0.66
機能	41754	4831	20	3	0.66
はず	41754	4831	10	2	0.65
派	41754	4831	10	2	0.65
処理	41754	4831	10	2	0.65
１	41754	4831	10	2	0.65
我々	41754	4831	10	2	0.65
やっ	41754	4831	10	2	0.65
向け	41754	4831	10	2	0.65
性	41754	4831	30	3	0.64
よく	41754	4831	22	3	0.64
言葉	41754	4831	29	3	0.64
なかっ	41754	4831	23	3	0.63
子ども	41754	4831	28	3	0.63
記事	41754	4831	24	3	0.63
しまう	41754	4831	24	3	0.63
法	41754	4831	24	3	0.63
生物	41754	4831	11	2	0.61
ワーキング	41754	4831	11	2	0.61
メモリ	41754	4831	11	2	0.61
作業	41754	4831	11	2	0.61
内	41754	4831	11	2	0.61
所属	41754	4831	11	2	0.61
抑圧	41754	4831	11	2	0.61
否定	41754	4831	11	2	0.61
より	41754	4831	24	2	0.61
相談	41754	4831	24	2	0.61
しまい	41754	4831	23	2	0.59
先	41754	4831	12	2	0.59
どんな	41754	4831	12	2	0.59
安全	41754	4831	12	2	0.59
観察	41754	4831	12	2	0.59
“	41754	4831	22	2	0.58
科学	41754	4831	22	2	0.58
外	41754	4831	22	2	0.58
部	41754	4831	22	2	0.58
紹介	41754	4831	22	2	0.58
あれ	41754	4831	13	2	0.57
眠れ	41754	4831	13	2	0.57
深い	41754	4831	3	1	0.57
触れ	41754	4831	3	1	0.57
客体	41754	4831	3	1	0.57
翻訳	41754	4831	3	1	0.57
引き出す	41754	4831	3	1	0.57
打ち明け	41754	4831	3	1	0.57
気分	41754	4831	3	1	0.57
差異	41754	4831	3	1	0.57
かわいい	41754	4831	3	1	0.57
まったく	41754	4831	3	1	0.57
穏やか	41754	4831	3	1	0.57
瑜伽	41754	4831	3	1	0.57
行	41754	4831	3	1	0.57
唯識	41754	4831	3	1	0.57
距離	41754	4831	3	1	0.57
イライラ	41754	4831	3	1	0.57
整え	41754	4831	3	1	0.57
横断	41754	4831	3	1	0.57
来る	41754	4831	3	1	0.57
主	41754	4831	3	1	0.57
支え	41754	4831	3	1	0.57
備わっ	41754	4831	3	1	0.57
志向	41754	4831	3	1	0.57
段階	41754	4831	3	1	0.57
無い	41754	4831	3	1	0.57
活発	41754	4831	3	1	0.57
葛藤	41754	4831	3	1	0.57
知的	41754	4831	3	1	0.57
一度	41754	4831	3	1	0.57
解体	41754	4831	3	1	0.57
ダメージ	41754	4831	3	1	0.57
唯一	41754	4831	3	1	0.57
上がっ	41754	4831	3	1	0.57
把握	41754	4831	3	1	0.57
下	41754	4831	3	1	0.57
ごと	41754	4831	3	1	0.57
編	41754	4831	3	1	0.57
傷つけ	41754	4831	3	1	0.57
登場	41754	4831	3	1	0.57
タイミング	41754	4831	3	1	0.57
だって	41754	4831	3	1	0.57
年生	41754	4831	3	1	0.57
みんな	41754	4831	3	1	0.57
メカニズム	41754	4831	3	1	0.57
呼ぶ	41754	4831	3	1	0.57
以前	41754	4831	3	1	0.57
作用	41754	4831	3	1	0.57
ジャンル	41754	4831	3	1	0.57
病気	41754	4831	3	1	0.57
僕ら	41754	4831	3	1	0.57
たぶん	41754	4831	3	1	0.57
個性	41754	4831	3	1	0.57
それら	41754	4831	3	1	0.57
皆さん	41754	4831	3	1	0.57
価値	41754	4831	3	1	0.57
自ら	41754	4831	3	1	0.57
欲しい	41754	4831	3	1	0.57
さん	41754	4831	21	2	0.57
脳	41754	4831	21	2	0.57
気	41754	4831	20	2	0.56
可能	41754	4831	20	2	0.56
すれ	41754	4831	14	2	0.56
認知	41754	4831	14	2	0.56
人生	41754	4831	14	2	0.56
問い	41754	4831	14	2	0.56
同じ	41754	4831	14	2	0.56
考え方	41754	4831	14	2	0.56
のに	41754	4831	14	2	0.56
体験	41754	4831	19	2	0.55
多い	41754	4831	15	2	0.55
ところ	41754	4831	15	2	0.55
うち	41754	4831	15	2	0.55
信念	41754	4831	18	2	0.54
生まれ	41754	4831	18	2	0.54
なけれ	41754	4831	18	2	0.54
09	41754	4831	18	2	0.54
にとって	41754	4831	16	2	0.54
思っ	41754	4831	16	2	0.54
わけ	41754	4831	16	2	0.54
cstrong	41754	4831	16	2	0.54
strong	41754	4831	16	2	0.54
言っ	41754	4831	17	2	0.54
といった	41754	4831	17	2	0.54
重要	41754	4831	16	1	0.53
対応	41754	4831	16	1	0.53
実現	41754	4831	15	1	0.51
だろ	41754	4831	15	1	0.51
興味	41754	4831	15	1	0.51
11	41754	4831	15	1	0.51
使っ	41754	4831	4	1	0.49
＝	41754	4831	4	1	0.49
紳	41754	4831	4	1	0.49
一郎	41754	4831	4	1	0.49
療法	41754	4831	4	1	0.49
必ずしも	41754	4831	4	1	0.49
集	41754	4831	4	1	0.49
共通	41754	4831	4	1	0.49
とても	41754	4831	4	1	0.49
ヨーガ	41754	4831	4	1	0.49
他人	41754	4831	4	1	0.49
思いやり	41754	4831	4	1	0.49
時代	41754	4831	4	1	0.49
実は	41754	4831	4	1	0.49
設定	41754	4831	4	1	0.49
主観	41754	4831	4	1	0.49
動い	41754	4831	4	1	0.49
湧き	41754	4831	4	1	0.49
どういう	41754	4831	4	1	0.49
おき	41754	4831	4	1	0.49
次	41754	4831	4	1	0.49
自体	41754	4831	4	1	0.49
そのもの	41754	4831	4	1	0.49
モヤモヤ	41754	4831	4	1	0.49
なんて	41754	4831	4	1	0.49
幸	41754	4831	4	1	0.49
祐	41754	4831	4	1	0.49
水	41754	4831	4	1	0.49
もっとも	41754	4831	4	1	0.49
では	41754	4831	4	1	0.49
探求	41754	4831	4	1	0.49
捉える	41754	4831	4	1	0.49
共有	41754	4831	4	1	0.49
応用	41754	4831	4	1	0.49
718	41754	4831	4	1	0.49
現れる	41754	4831	4	1	0.49
ある程度	41754	4831	4	1	0.49
数字	41754	4831	4	1	0.49
ばかり	41754	4831	4	1	0.49
実際	41754	4831	14	1	0.48
少し	41754	4831	14	1	0.48
以上	41754	4831	14	1	0.48
図	41754	4831	14	1	0.48
こそ	41754	4831	14	1	0.48
T	41754	4831	14	1	0.48
ネットワーク	41754	4831	13	1	0.46
集中	41754	4831	13	1	0.46
入学	41754	4831	13	1	0.46
しまっ	41754	4831	13	1	0.46
化	41754	4831	13	1	0.46
考える	41754	4831	13	1	0.46
喜び	41754	4831	5	1	0.45
瞑想	41754	4831	5	1	0.45
書い	41754	4831	5	1	0.45
幸福	41754	4831	5	1	0.45
検索	41754	4831	5	1	0.45
これから	41754	4831	5	1	0.45
適切	41754	4831	5	1	0.45
良く	41754	4831	5	1	0.45
パターン	41754	4831	5	1	0.45
澤	41754	4831	5	1	0.45
解説	41754	4831	5	1	0.45
離れ	41754	4831	5	1	0.45
器	41754	4831	5	1	0.45
なので	41754	4831	5	1	0.45
直接	41754	4831	5	1	0.45
お話し	41754	4831	5	1	0.45
似	41754	4831	5	1	0.45
解決	41754	4831	5	1	0.45
けど	41754	4831	12	1	0.44
阿部	41754	4831	12	1	0.44
状況	41754	4831	12	1	0.44
感覚	41754	4831	12	1	0.44
本	41754	4831	12	1	0.44
Z	41754	4831	12	1	0.44
知識	41754	4831	11	1	0.43
後	41754	4831	11	1	0.43
もう	41754	4831	11	1	0.43
どこ	41754	4831	11	1	0.43
見る	41754	4831	11	1	0.43
患者	41754	4831	11	1	0.43
変わっ	41754	4831	11	1	0.43
生きる	41754	4831	11	1	0.43
俺	41754	4831	6	1	0.43
大塚	41754	4831	6	1	0.43
執筆	41754	4831	6	1	0.43
わかっ	41754	4831	6	1	0.43
ほか	41754	4831	6	1	0.43
受講	41754	4831	6	1	0.43
言わ	41754	4831	6	1	0.43
思え	41754	4831	6	1	0.43
ヒント	41754	4831	6	1	0.43
場面	41754	4831	6	1	0.43
癒し	41754	4831	6	1	0.43
含め	41754	4831	6	1	0.43
求め	41754	4831	6	1	0.43
ベース	41754	4831	6	1	0.43
哲学	41754	4831	6	1	0.43
最後	41754	4831	6	1	0.43
【	41754	4831	6	1	0.43
】	41754	4831	6	1	0.43
いや	41754	4831	6	1	0.43
みたい	41754	4831	6	1	0.43
続け	41754	4831	6	1	0.43
みなさん	41754	4831	6	1	0.43
生じ	41754	4831	6	1	0.43
いま	41754	4831	6	1	0.43
こういう	41754	4831	6	1	0.43
観	41754	4831	6	1	0.43
忘れ	41754	4831	6	1	0.43
そうした	41754	4831	10	1	0.42
疑似	41754	4831	10	1	0.42
いか	41754	4831	10	1	0.42
トラウマ	41754	4831	10	1	0.42
見え	41754	4831	10	1	0.42
際	41754	4831	10	1	0.42
示し	41754	4831	7	1	0.41
食事	41754	4831	7	1	0.41
時点	41754	4831	7	1	0.41
きっかけ	41754	4831	7	1	0.41
トレーニング	41754	4831	7	1	0.41
日記	41754	4831	7	1	0.41
責め	41754	4831	7	1	0.41
に対する	41754	4831	7	1	0.41
対話	41754	4831	7	1	0.41
48	41754	4831	7	1	0.41
持つ	41754	4831	9	1	0.41
くれ	41754	4831	9	1	0.41
マジック	41754	4831	9	1	0.41
勉強	41754	4831	9	1	0.41
たく	41754	4831	9	1	0.41
もし	41754	4831	9	1	0.41
周り	41754	4831	9	1	0.41
評価	41754	4831	9	1	0.41
行っ	41754	4831	8	1	0.41
手	41754	4831	8	1	0.41
いろいろ	41754	4831	8	1	0.41
こんな	41754	4831	8	1	0.41
実験	41754	4831	8	1	0.41
言え	41754	4831	8	1	0.41
失敗	41754	4831	8	1	0.41
幼少	41754	4831	8	1	0.41
メンタル	41754	4831	8	1	0.41
効果	41754	4831	8	1	0.41
みる	41754	4831	8	1	0.41
活動	41754	4831	17	1	-0.56
期	41754	4831	17	1	-0.56
変化	41754	4831	17	1	-0.56
大学	41754	4831	18	1	-0.59
べき	41754	4831	18	1	-0.59
思う	41754	4831	18	1	-0.59
学校	41754	4831	18	1	-0.59
だっ	41754	4831	18	1	-0.59
生	41754	4831	19	1	-0.62
感じる	41754	4831	19	1	-0.62
られ	41754	4831	25	2	-0.62
23	41754	4831	20	1	-0.65
続く	41754	4831	20	1	-0.65
よ	41754	4831	27	2	-0.66
経験	41754	4831	27	2	-0.66
現実	41754	4831	21	1	-0.68
教育	41754	4831	21	1	-0.68
み	41754	4831	21	1	-0.68
強く	41754	4831	21	1	-0.68
なら	41754	4831	34	3	-0.69
誰	41754	4831	22	1	-0.72
どう	41754	4831	22	1	-0.72
いい	41754	4831	38	3	-0.75
存在	41754	4831	39	3	-0.77
他者	41754	4831	24	1	-0.78
前	41754	4831	24	1	-0.78
情報	41754	4831	53	5	-0.79
れる	41754	4831	40	3	-0.79
感じ	41754	4831	54	5	-0.80
お	41754	4831	25	1	-0.82
なっ	41754	4831	73	7	-0.87
行動	41754	4831	44	3	-0.88
き	41754	4831	74	7	-0.88
意識	41754	4831	36	2	-0.89
それ	41754	4831	68	6	-0.89
君	41754	4831	27	1	-0.89
たい	41754	4831	28	1	-0.93
能力	41754	4831	28	1	-0.93
とき	41754	4831	55	4	-0.94
』	41754	4831	79	7	-0.94
科	41754	4831	38	2	-0.95
GPT	41754	4831	29	1	-0.97
：	41754	4831	39	2	-0.98
へ	41754	4831	74	6	-0.98
人間	41754	4831	75	6	-1.00
ここ	41754	4831	31	1	-1.05
でも	41754	4831	60	4	-1.05
ご	41754	4831	33	1	-1.13
コミュニケーション	41754	4831	34	1	-1.17
社会	41754	4831	34	1	-1.17
ん	41754	4831	138	12	-1.18
ら	41754	4831	35	1	-1.21
動画	41754	4831	35	1	-1.21
さ	41754	4831	104	8	-1.21
研究	41754	4831	69	4	-1.28
2025	41754	4831	37	1	-1.29
た	41754	4831	503	54	-1.32
でしょ	41754	4831	51	2	-1.39
2	41754	4831	40	1	-1.42
日	41754	4831	41	1	-1.46
この	41754	4831	86	5	-1.47
う	41754	4831	117	8	-1.48
です	41754	4831	282	25	-1.55
こころ	41754	4831	57	2	-1.61
問題	41754	4831	45	1	-1.63
あり	41754	4831	138	9	-1.74
『	41754	4831	78	3	-1.94
心	41754	4831	338	27	-2.12
ませ	41754	4831	86	3	-2.23
感情	41754	4831	101	4	-2.32
cp	41754	4831	101	4	-2.32
意味	41754	4831	91	3	-2.43
p	41754	4831	103	2	-3.55
・	41754	4831	225	10	-3.99
c	41754	4831	166	3	-5.65
e	41754	4831	351	12	-7.60
003	41754	4831	622	18	-14.89
u	41754	4831	724	18	-19.21
